16
20
0 388675 336617 -848835 -782486 14062 71305 769458 356175 -53786 14886 -107193 334578 -763134 -882146 673491 -661087 271582 -139502 -235336
-388675 0 -830089 893460 380561 -220942 -955603 -937709 -736501 198616 -886714 991907 -545942 467269 226179 -138029 481865 -123798 103933 975973
-336617 830089 0 73417 391053 992731 972807 20017 -450664 -796233 -333215 -781399 -850111 -969319 533079 -236076 97826 946531 -112523 -264034
848835 -893460 -73417 0 -511044 -344081 -492001 -714341 949012 8491 3123 48943 638954 533786 -339775 827513 -980373 -14280 111332 472760
782486 -380561 -391053 511044 0 -224466 -627542 -180841 -959061 992243 952518 644928 -913027 81066 729083 -57563 -586006 -19159 125686 419614
-14062 220942 -992731 344081 224466 0 -158890 -447035 -630825 373136 -457043 157125 -144097 39335 48887 -607318 871814 -667663 -195968 203065
-71305 955603 -972807 492001 627542 158890 0 701330 -479539 -500045 -723523 -72716 -756400 -97506 20986 -859610 644662 863067 -500104 212367
-769458 937709 -20017 714341 180841 447035 -701330 0 -50264 282248 -49671 -620145 -882977 133722 962606 -45483 244127 -185265 -702396 440978
-356175 736501 450664 -949012 959061 630825 479539 50264 0 -755470 -691110 -271301 737825 -585012 -589523 448810 133448 277227 -8830 -552477
53786 -198616 796233 -8491 -992243 -373136 500045 -282248 755470 0 792497 237349 747424 842027 -92524 770102 -77582 -783346 14298 -102678
-14886 886714 333215 -3123 -952518 457043 723523 49671 691110 -792497 0 -981938 109739 -684047 -62015 414018 574146 204817 -48358 -844507
107193 -991907 781399 -48943 -644928 -157125 72716 620145 271301 -237349 981938 0 227992 -96487 -801974 220669 -233799 314168 110101 -814743
-334578 545942 850111 -638954 913027 144097 756400 882977 -737825 -747424 -109739 -227992 0 -807096 208450 569638 489301 203067 -533785 -875225
763134 -467269 969319 -533786 -81066 -39335 97506 -133722 585012 -842027 684047 96487 807096 0 -609245 200044 -389232 25284 10077 -634428
882146 -226179 -533079 339775 -729083 -48887 -20986 -962606 589523 92524 62015 801974 -208450 609245 0 -511245 -687654 -111003 942095 882050
-673491 138029 236076 -827513 57563 607318 859610 45483 -448810 -770102 -414018 -220669 -569638 -200044 511245 0 842108 379604 -924994 -149267
661087 -481865 -97826 980373 586006 -871814 -644662 -244127 -133448 77582 -574146 233799 -489301 389232 687654 -842108 0 -272100 836801 437270
-271582 123798 -946531 14280 19159 667663 -863067 185265 -277227 783346 -204817 -314168 -203067 -25284 111003 -379604 272100 0 -193476 680772
139502 -103933 112523 -111332 -125686 195968 500104 702396 8830 -14298 48358 -110101 533785 -10077 -942095 924994 -836801 193476 0 -130568
235336 -975973 264034 -472760 -419614 -203065 -212367 -440978 552477 102678 844507 814743 875225 634428 -882050 149267 -437270 -680772 130568 0
20
0 -304407 63740 -944998 -551963 76977 66529 -469441 -683666 -316379 973929 382982 -932269 -477488 -669454 384066 920844 -407677 577546 737568
304407 0 427056 586913 19954 51103 173177 -804478 700112 -421932 658442 395274 637457 -617493 -188538 841479 529947 138500 944117 290189
-63740 -427056 0 -665435 951928 560138 104532 -561897 -704686 -592651 337283 924653 148048 -736986 -295895 444421 734888 -567624 61784 906903
944998 -586913 665435 0 -422055 -619727 719354 -584462 -320595 -59945 221279 836501 -926874 -72765 -546628 -104489 653975 -598784 173301 970655
551963 -19954 -951928 422055 0 -844558 434678 -28017 -980752 -629889 -658911 904463 -356560 -629373 -644538 -930820 594452 -489620 429054 564457
-76977 -51103 -560138 619727 844558 0 165296 -269424 -194644 -833226 -17481 898004 -257294 -949806 -8341 -958606 619407 -829194 -534532 663577
-66529 -173177 -104532 -719354 -434678 -165296 0 -102631 -812032 -580876 -749157 626185 -783032 -813906 -699096 -750008 266558 -523089 -637305 -963001
469441 804478 561897 584462 28017 269424 102631 0 -491326 -694927 207193 43405 -356747 29318 -193842 -518969 127019 -305320 998281 250923
683666 -700112 704686 320595 980752 194644 812032 491326 0 598887 409809 524920 146844 -948812 -852674 156093 892842 334407 708520 770732
316379 421932 592651 59945 629889 833226 580876 694927 -598887 0 797020 810538 656653 21361 772277 405776 503677 -43362 297322 365735
-973929 -658442 -337283 -221279 658911 17481 749157 -207193 -409809 -797020 0 812808 -351655 -767069 -88519 -729356 638954 -287435 -832995 -356191
-382982 -395274 -924653 -836501 -904463 -898004 -626185 -43405 -524920 -810538 -812808 0 -320253 -194893 -544934 -467666 289455 -117027 -466610 978042
932269 -637457 -148048 926874 356560 257294 783032 356747 -146844 -656653 351655 320253 0 176019 -364526 -515946 436197 -848788 940150 262471
477488 617493 736986 72765 629373 949806 813906 -29318 948812 -21361 767069 194893 -176019 0 -396427 445437 311301 -53444 475809 82686
669454 188538 295895 546628 644538 8341 699096 193842 852674 -772277 88519 544934 364526 396427 0 152958 626519 -709818 239771 135111
-384066 -841479 -444421 104489 930820 958606 750008 518969 -156093 -405776 729356 467666 515946 -445437 -152958 0 266123 -49753 50096 658670
-920844 -529947 -734888 -653975 -594452 -619407 -266558 -127019 -892842 -503677 -638954 -289455 -436197 -311301 -626519 -266123 0 -228764 538431 229739
407677 -138500 567624 598784 489620 829194 523089 305320 -334407 43362 287435 117027 848788 53444 709818 49753 228764 0 335698 616749
-577546 -944117 -61784 -173301 -429054 534532 637305 -998281 -708520 -297322 832995 466610 -940150 -475809 -239771 -50096 -538431 -335698 0 -24364
-737568 -290189 -906903 -970655 -564457 -663577 963001 -250923 -770732 -365735 356191 -978042 -262471 -82686 -135111 -658670 -229739 -616749 24364 0
20
0 -163400 -513317 -924607 -356455 -145188 -151895 900364 -669587 -597833 -222401 -703727 -761280 -27982 -649672 -981443 -167633 -866686 -641031 -85713
163400 0 689551 997698 -494412 877173 -535582 -766207 847471 -717527 741633 870061 -696575 709515 246708 317526 868476 -123926 382920 416710
513317 -689551 0 -29893 -714339 709931 -752296 -761253 471654 -126536 -840528 -4184 -827435 693088 428772 -420802 -900713 -541652 -578865 -923260
924607 -997698 29893 0 -80659 237271 -552285 -111860 85902 -379852 655383 -771599 -865933 686381 1505 807126 91013 -178696 214403 -850264
356455 494412 714339 80659 0 923787 313150 -908638 738297 -678446 589970 183474 -740779 547448 803155 992878 98010 -347311 680190 329678
145188 -877173 -709931 -237271 -923787 0 -864823 -676363 -675695 -785374 -834361 -983054 -115229 -823540 -926340 -694302 -50179 -174671 -526619 -890965
151895 535582 752296 552285 -313150 864823 0 -142945 180010 -851211 51131 784130 -185685 561561 290567 760480 201579 -145985 123617 474468
-900364 766207 761253 111860 908638 676363 142945 0 745608 941577 972051 176583 84315 683065 462417 801432 872113 228452 996687 947895
669587 -847471 -471654 -85902 -738297 675695 -180010 -745608 0 -119364 -913368 -870102 -784844 705770 895894 -844003 -496433 -544455 -946455 -576156
597833 717527 126536 379852 678446 785374 851211 -941577 119364 0 202831 186483 -327315 957636 898706 305491 152638 -969259 736427 977789
222401 -741633 840528 -655383 -589970 834361 -51131 -972051 913368 -202831 0 -724843 -390441 685415 593577 708032 791235 -151126 597426 -585213
703727 -870061 4184 771599 -183474 983054 -784130 -176583 870102 -186483 724843 0 -987773 830787 658567 757859 609620 -383992 982757 983027
761280 696575 827435 865933 740779 115229 185685 -84315 784844 327315 390441 987773 0 596965 199199 420045 809136 761679 876447 590379
27982 -709515 -693088 -686381 -547448 823540 -561561 -683065 -705770 -957636 -685415 -830787 -596965 0 -714107 -142034 -535502 -676100 -135657 -571703
649672 -246708 -428772 -1505 -803155 926340 -290567 -462417 -895894 -898706 -593577 -658567 -199199 714107 0 -127338 -36151 -687258 -508781 -267895
981443 -317526 420802 -807126 -992878 694302 -760480 -801432 844003 -305491 -708032 -757859 -420045 142034 127338 0 134893 -395340 -595567 -588305
167633 -868476 900713 -91013 -98010 50179 -201579 -872113 496433 -152638 -791235 -609620 -809136 535502 36151 -134893 0 -218458 -451203 -614661
866686 123926 541652 178696 347311 174671 145985 -228452 544455 969259 151126 383992 -761679 676100 687258 395340 218458 0 54641 238547
641031 -382920 578865 -214403 -680190 526619 -123617 -996687 946455 -736427 -597426 -982757 -876447 135657 508781 595567 451203 -54641 0 -1487
85713 -416710 923260 850264 -329678 890965 -474468 -947895 576156 -977789 585213 -983027 -590379 571703 267895 588305 614661 -238547 1487 0
20
0 -344360 974531 123656 384047 -427176 934572 34060 -513920 652033 -230656 498641 118363 -306000 -668700 -486957 3503 -617288 830932 305791
344360 0 -53029 -922720 -54714 199671 -737851 -154662 -151349 -140091 636685 -701379 -908852 948158 333886 420895 -422805 -292159 -898567 -587329
-974531 53029 0 465258 839737 753744 -877941 241836 859600 444800 689371 -468722 375910 -96181 -633622 378170 699025 423943 -556092 221292
-123656 922720 -465258 0 -101413 326728 -387327 -755523 -321236 -941719 169455 -739625 422132 -57523 -732446 396194 -313902 -323210 -744938 459479
-384047 54714 -839737 101413 0 153807 -546638 451389 772332 -215166 447326 -6231 223298 394577 928900 783589 10732 933400 -748865 612000
427176 -199671 -753744 -326728 -153807 0 382621 478187 -170237 -456579 -243766 -895257 -507134 877416 730059 889030 -285474 -935209 531699 -250979
-934572 737851 877941 387327 546638 -382621 0 765409 -56744 877534 -686990 386480 967667 -6485 -406191 -504268 853743 427713 65745 814615
-34060 154662 -241836 755523 -451389 -478187 -765409 0 -638550 -184314 743220 -92933 968500 -14369 -889075 -572930 464774 -224412 -752429 345523
513920 151349 -859600 321236 -772332 170237 56744 638550 0 -479919 629653 -657701 319877 441491 262003 519169 759194 -84328 -198499 451934
-652033 140091 -444800 941719 215166 456579 -877534 184314 479919 0 860822 -27516 890317 165283 -687213 601320 458513 935818 -324248 962725
230656 -636685 -689371 -169455 -447326 243766 686990 -743220 -629653 -860822 0 -736901 -903324 357203 182963 13840 -406058 -273504 -563578 -577802
-498641 701379 468722 739625 6231 895257 -386480 92933 657701 27516 736901 0 753259 -701359 -972869 -943588 851489 996421 -232141 218895
-118363 908852 -375910 -422132 -223298 507134 -967667 -968500 -319877 -890317 903324 -753259 0 489807 -712080 815153 -610281 -814544 -816353 716476
306000 -948158 96181 57523 -394577 -877416 6485 14369 -441491 -165283 -357203 701359 -489807 0 680605 -923903 730488 -661390 596712 -273583
668700 -333886 633622 732446 -928900 -730059 406191 889075 -262003 687213 -182963 972869 712080 -680605 0 -285399 750215 -846137 120122 -442609
486957 -420895 -378170 -396194 -783589 -889030 504268 572930 -519169 -601320 -13840 943588 -815153 923903 285399 0 381773 -859212 487121 -482966
-3503 422805 -699025 313902 -10732 285474 -853743 -464774 -759194 -458513 406058 -851489 610281 -730488 -750215 -381773 0 -261108 -62986 333509
617288 292159 -423943 323210 -933400 935209 -427713 224412 84328 -935818 273504 -996421 814544 661390 846137 859212 261108 0 -379134 729579
-830932 898567 556092 744938 748865 -531699 -65745 752429 198499 324248 563578 232141 816353 -596712 -120122 -487121 62986 379134 0 238126
-305791 587329 -221292 -459479 -612000 250979 -814615 -345523 -451934 -962725 577802 -218895 -716476 273583 442609 482966 -333509 -729579 -238126 0
20
0 -977489 495540 -979971 -919222 -406961 795009 -947093 517003 639705 832824 730542 121641 423363 895221 968513 -421248 -673873 457066 845997
977489 0 520562 -573503 -81858 399581 -727210 975421 366315 415516 621244 725772 -589204 72498 -73022 896266 -922268 -408419 -864073 -619880
-495540 -520562 0 745778 -751544 -576271 -819497 -315307 -793365 250820 -345786 -55481 83396 -634191 231237 277068 177779 -525305 150478 -122055
979971 573503 -745778 0 871817 870836 -864877 170799 -656280 -929661 -494290 -855047 -672689 371130 -179578 -132728 -154409 184981 -570285 -453740
919222 81858 751544 -871817 0 375190 -11089 494095 -569094 -636773 -801313 534920 -313388 108997 -665566 -247848 -59507 920449 -479048 -322546
406961 -399581 576271 -870836 -375190 0 619470 113224 853846 351475 768512 330242 -587709 294603 340120 719613 -25542 -676663 -26752 -588750
-795009 727210 819497 864877 11089 -619470 0 -287812 -560143 857638 -565424 -858142 66859 -262077 432964 969594 308576 842908 813351 902462
947093 -975421 315307 -170799 -494095 -113224 287812 0 84531 489204 234579 83453 -230580 298899 86230 982663 -357963 -359556 501893 930449
-517003 -366315 793365 656280 569094 -853846 560143 -84531 0 757169 309025 -444524 898710 -690832 435284 412025 939750 -954359 34211 99209
-639705 -415516 -250820 929661 636773 -351475 -857638 -489204 -757169 0 -314829 -278844 916199 -496776 734011 -878097 516499 344601 698572 -489340
-832824 -621244 345786 494290 801313 -768512 565424 -234579 -309025 314829 0 -953086 242122 -68338 31827 506735 572021 911382 257490 129633
-730542 -725772 55481 855047 -534920 -330242 858142 -83453 444524 278844 953086 0 8407 -69680 829263 806045 112749 -956007 536205 914064
-121641 589204 -83396 672689 313388 587709 -66859 230580 -898710 -916199 -242122 -8407 0 -567251 -14398 -202758 819066 536168 -712051 -828954
-423363 -72498 634191 -371130 -108997 -294603 262077 -298899 690832 496776 68338 69680 567251 0 104182 833321 819559 -634875 515017 995240
-895221 73022 -231237 179578 665566 -340120 -432964 -86230 -435284 -734011 -31827 -829263 14398 -104182 0 -986274 571775 987118 603281 -675122
-968513 -896266 -277068 132728 247848 -719613 -969594 -982663 -412025 878097 -506735 -806045 202758 -833321 986274 0 53959 -965701 164122 -45509
421248 922268 -177779 154409 59507 25542 -308576 357963 -939750 -516499 -572021 -112749 -819066 -819559 -571775 -53959 0 24063 -262133 -597510
673873 408419 525305 -184981 -920449 676663 -842908 359556 954359 -344601 -911382 956007 -536168 634875 -987118 965701 -24063 0 -900723 -244498
-457066 864073 -150478 570285 479048 26752 -813351 -501893 -34211 -698572 -257490 -536205 712051 -515017 -603281 -164122 262133 900723 0 -439256
-845997 619880 122055 453740 322546 588750 -902462 -930449 -99209 489340 -129633 -914064 828954 -995240 675122 45509 597510 244498 439256 0
20
0 -227365 -413477 -117791 -702430 -975874 924483 -150939 411863 -964917 -691996 -272143 -158520 -908940 -515027 -25138 969265 -281819 -972181 519394
227365 0 599413 452419 487919 697791 867520 -158033 247656 55249 -966451 -935622 825216 -408039 314115 151598 199321 801833 918592 180468
413477 -599413 0 -827305 587411 881074 139305 -274157 -26413 354288 -267196 325888 143529 -908857 964672 -322005 180665 958760 -946297 -445135
117791 -452419 827305 0 301023 851389 -778576 -144049 -256698 660119 -776641 -745962 437690 -510885 795637 147923 -176723 -224207 -492360 -408321
702430 -487919 -587411 -301023 0 -322987 -39669 -905860 -440298 867138 -320629 -51999 -557755 -415044 915340 -434581 985331 -539161 -685104 -287685
975874 -697791 -881074 -851389 322987 0 758910 877826 338612 761848 23743 189128 -209102 -446857 122556 -415579 540759 780738 -557539 645172
-924483 -867520 -139305 778576 39669 -758910 0 -73254 78300 -864559 -621545 -212361 -962672 -461038 -311041 962659 -376647 -707391 -651913 955933
150939 158033 274157 144049 905860 -877826 73254 0 330212 788422 -317125 -492848 824918 72835 1620 650686 837065 -397509 658280 512484
-411863 -247656 26413 256698 440298 -338612 -78300 -330212 0 -859510 -23164 -170385 -496357 -16209 404424 850173 -453902 -918414 -225988 485208
964917 -55249 -354288 -660119 -867138 -761848 864559 -788422 859510 0 -294176 -999081 -414593 -373677 -173357 -565518 510512 -852035 -722200 -747907
691996 966451 267196 776641 320629 -23743 621545 317125 23164 294176 0 -927621 -371511 232044 494869 136534 449457 -832166 474525 580638
272143 935622 -325888 745962 51999 -189128 212361 492848 170385 999081 927621 0 -238726 839933 968148 244833 963548 -853747 -373023 578730
158520 -825216 -143529 -437690 557755 209102 962672 -824918 496357 414593 371511 238726 0 -67295 281222 -619974 680143 973060 -837663 -801429
908940 408039 908857 510885 415044 446857 461038 -72835 16209 373677 -232044 -839933 67295 0 444390 953136 398174 -29080 802224 816045
515027 -314115 -964672 -795637 -915340 -122556 311041 -1620 -404424 173357 -494869 -968148 -281222 -444390 0 -410919 323848 -914923 -933584 -118917
25138 -151598 322005 -147923 434581 415579 -962659 -650686 -850173 565518 -136534 -244833 619974 -953136 410919 0 524039 992453 -776553 -860736
-969265 -199321 -180665 176723 -985331 -540759 376647 -837065 453902 -510512 -449457 -963548 -680143 -398174 -323848 -524039 0 -785521 -735152 838178
281819 -801833 -958760 224207 539161 -780738 707391 397509 918414 852035 832166 853747 -973060 29080 914923 -992453 785521 0 -193348 762387
972181 -918592 946297 492360 685104 557539 651913 -658280 225988 722200 -474525 373023 837663 -802224 933584 776553 735152 193348 0 227928
-519394 -180468 445135 408321 287685 -645172 -955933 -512484 -485208 747907 -580638 -578730 801429 -816045 118917 860736 -838178 -762387 -227928 0
20
0 856310 -399016 98813 -53426 783638 490335 466759 80149 830413 -64279 -722816 -167325 -327913 391402 -323629 980756 764455 -758212 200630
-856310 0 -619192 215891 -712825 749069 379396 270888 556448 130422 -140506 -400879 -853703 -331038 966545 -771208 670594 857631 276778 653710
399016 619192 0 -27164 51749 901202 -270145 -136078 -668405 526791 716730 157144 -808284 71841 -246175 -562179 -481561 -887964 -152383 -519026
-98813 -215891 27164 0 -758022 -623964 314345 -608870 90207 -745066 590910 897675 985215 -659484 611112 512433 618589 -405519 59487 298601
53426 712825 -51749 758022 0 309331 910425 611359 -295293 362844 -276560 -31512 -511725 472565 -378971 -974933 596097 862599 -692881 -17735
-783638 -749069 -901202 623964 -309331 0 490027 152625 328082 -83275 -220817 -916411 431188 -315325 188587 735458 794881 192585 25221 431408
-490335 -379396 270145 -314345 -910425 -490027 0 -19458 -353774 -495664 435534 223491 59575 -181670 129198 503690 -796221 -21142 960196 318123
-466759 -270888 136078 608870 -611359 -152625 19458 0 232511 -501191 -293118 704608 365058 -96018 996363 425048 140333 -745609 569591 854531
-80149 -556448 668405 -90207 295293 -328082 353774 -232511 0 -269155 827332 925932 472434 -724080 235941 436166 793235 -235525 381016 888313
-830413 -130422 -526791 745066 -362844 83275 495664 501191 269155 0 -292323 -154370 392909 -384681 166103 -623822 164684 518273 476250 517208
64279 140506 -716730 -590910 276560 220817 -435534 293118 -827332 292323 0 -160597 -510648 126983 -641273 -852028 670460 891706 -57922 -858435
722816 400879 -157144 -897675 31512 916411 -223491 -704608 -925932 154370 160597 0 -628486 12860 -544221 -592802 -438438 601922 -995737 -623808
167325 853703 808284 -985215 511725 -431188 -59575 -365058 -472434 -392909 510648 628486 0 55926 -549830 466507 -435433 -995294 -853668 -690508
327913 331038 -71841 659484 -472565 315325 181670 96018 724080 384681 -126983 -12860 -55926 0 608686 -572076 116422 381685 -205971 -654430
-391402 -966545 246175 -611112 378971 -188587 -129198 -996363 -235941 -166103 641273 544221 549830 -608686 0 429783 -398461 -313324 196354 997290
323629 771208 562179 -512433 974933 -735458 -503690 -425048 -436166 623822 852028 592802 -466507 572076 -429783 0 -361806 -138145 -31776 -918727
-980756 -670594 481561 -618589 -596097 -794881 796221 -140333 -793235 -164684 -670460 438438 435433 -116422 398461 361806 0 -137726 24153 830188
-764455 -857631 887964 405519 -862599 -192585 21142 745609 235525 -518273 -891706 -601922 995294 -381685 313324 138145 137726 0 364927 156193
758212 -276778 152383 -59487 692881 -25221 -960196 -569591 -381016 -476250 57922 995737 853668 205971 -196354 31776 -24153 -364927 0 -977776
-200630 -653710 519026 -298601 17735 -431408 -318123 -854531 -888313 -517208 858435 623808 690508 654430 -997290 918727 -830188 -156193 977776 0
20
0 -337918 788839 31963 190938 532704 686833 838689 -632013 -178312 241597 78154 -297942 986317 85867 84770 -457680 469582 707085 -152144
337918 0 983250 672320 482486 446385 851577 483728 -921893 6883 315213 272076 -349145 469253 582807 304230 360792 541948 519411 -121367
-788839 -983250 0 793771 222585 231423 683829 -513578 -486388 -250798 552508 795663 -22839 797869 627820 884735 -422770 -645493 919955 -758698
-31963 -672320 -793771 0 816904 -251416 -505852 -709141 -844787 -100536 848387 795751 -832008 -617187 166573 -900373 -125215 -454591 -391763 -298011
-190938 -482486 -222585 -816904 0 -276088 -545557 -48040 -614746 -224580 450818 -65775 -404583 -795937 197045 -116618 -987782 -71167 -257145 -93060
-532704 -446385 -231423 251416 276088 0 -4415 -921591 -671495 -563805 922571 754744 -494518 -38268 314942 -602644 -523113 -221189 -642543 -371119
-686833 -851577 -683829 505852 545557 4415 0 -476963 -855492 -225166 34 510135 -758414 427922 235031 658636 -45561 -858543 146416 -975538
-838689 -483728 513578 709141 48040 921591 476963 0 -274231 -439186 893793 794080 -687321 472183 917218 431871 -662423 787720 739403 -6470
632013 921893 486388 844787 614746 671495 855492 274231 0 938460 184888 37732 -360023 897153 32813 967329 534658 491386 583691 -721022
178312 -6883 250798 100536 224580 563805 225166 439186 -938460 0 825961 771812 -693963 971916 94247 397535 585836 21740 821609 -449227
-241597 -315213 -552508 -848387 -450818 -922571 -34 -893793 -184888 -825961 0 -910827 444702 -233162 -489515 -713716 -442374 -209814 -819967 572609
-78154 -272076 -795663 -795751 65775 -754744 -510135 -794080 -37732 -771812 910827 0 -278497 -516707 718456 -793104 -107211 -37933 -90769 -61959
297942 349145 22839 832008 404583 494518 758414 687321 360023 693963 -444702 278497 0 397850 483727 676311 828639 562197 27110 -163707
-986317 -469253 -797869 617187 795937 38268 -427922 -472183 -897153 -971916 233162 516707 -397850 0 347267 -857479 -587656 -870899 544186 -931460
-85867 -582807 -627820 -166573 -197045 -314942 -235031 -917218 -32813 -94247 489515 -718456 -483727 -347267 0 -682889 -60696 -583189 -434284 576739
-84770 -304230 -884735 900373 116618 602644 -658636 -431871 -967329 -397535 713716 793104 -676311 857479 682889 0 -252569 -225077 940250 -113124
457680 -360792 422770 125215 987782 523113 45561 662423 -534658 -585836 442374 107211 -828639 587656 60696 252569 0 798985 855512 -444370
-469582 -541948 645493 454591 71167 221189 858543 -787720 -491386 -21740 209814 37933 -562197 870899 583189 225077 -798985 0 165212 -744453
-707085 -519411 -919955 391763 257145 642543 -146416 -739403 -583691 -821609 819967 90769 -27110 -544186 434284 -940250 -855512 -165212 0 -658051
152144 121367 758698 298011 93060 371119 975538 6470 721022 449227 -572609 61959 163707 931460 -576739 113124 444370 744453 658051 0
20
0 984507 235158 -544376 -641955 380723 -853213 636006 -762744 905615 53088 577425 -867436 -507939 294603 -497398 -726308 -551196 -167893 622334
-984507 0 -866440 -957072 351030 -809098 116104 177863 659968 444118 397328 591754 -492298 -215090 -90690 -921577 -286144 -563798 612463 105733
-235158 866440 0 -432383 -428172 -762511 374024 871117 217117 774832 160999 485194 -129076 -548650 -159777 -696119 -398146 -738114 109001 47394
544376 957072 432383 0 -589708 984917 -340734 658772 -462067 -91439 -960725 -681233 150700 -942976 502976 -426985 527346 -440753 -346920 825720
641955 -351030 428172 589708 0 69749 -565004 -304603 -405167 -619278 -972074 -274294 470575 414979 868384 121945 133279 325587 -64121 -907600
-380723 809098 762511 -984917 -69749 0 794804 809810 109030 140901 85998 727537 -879316 -420584 -561135 -186039 -613845 -754508 -486325 797920
853213 -116104 -374024 340734 565004 -794804 0 -671563 -891176 -513434 -371964 -246255 964355 837818 128507 782647 233993 3749 398762 -509577
-636006 -177863 -871117 -658772 304603 -809810 671563 0 112881 730231 180439 836298 -534308 98206 -677034 -522342 -975577 102573 318327 -702249
762744 -659968 -217117 462067 405167 -109030 891176 -112881 0 -761508 -608910 -556596 121984 482836 -766647 735835 911921 832515 713713 -208391
-905615 -444118 -774832 91439 619278 -140901 513434 -730231 761508 0 -567112 706972 940843 439021 -37945 285209 -567087 889423 441790 -896076
-53088 -397328 -160999 960725 972074 -85998 371964 -180439 608910 567112 0 270402 -765204 197304 -568118 581399 -266538 766348 460101 -598906
-577425 -591754 -485194 681233 274294 -727537 246255 -836298 556596 -706972 -270402 0 591344 939219 -415652 533700 987744 294305 179371 -595566
867436 492298 129076 -150700 -470575 879316 -964355 534308 -121984 -940843 765204 -591344 0 -929632 903917 -540117 923002 -875673 -131386 995539
507939 215090 548650 942976 -414979 420584 -837818 -98206 -482836 -439021 -197304 -939219 929632 0 814184 564360 734119 957955 -525296 -11632
-294603 90690 159777 -502976 -868384 561135 -128507 677034 766647 37945 568118 415652 -903917 -814184 0 -941648 -843845 -543104 -444399 366054
497398 921577 696119 426985 -121945 186039 -782647 522342 -735835 -285209 -581399 -533700 540117 -564360 941648 0 56422 -94086 -845359 129021
726308 286144 398146 -527346 -133279 613845 -233993 975577 -911921 567087 266538 -987744 -923002 -734119 843845 -56422 0 -451377 -696112 678959
551196 563798 738114 440753 -325587 754508 -3749 -102573 -832515 -889423 -766348 -294305 875673 -957955 543104 94086 451377 0 -882238 971555
167893 -612463 -109001 346920 64121 486325 -398762 -318327 -713713 -441790 -460101 -179371 131386 525296 444399 845359 696112 882238 0 -217950
-622334 -105733 -47394 -825720 907600 -797920 509577 702249 208391 896076 598906 595566 -995539 11632 -366054 -129021 -678959 -971555 217950 0
20
0 633232 695179 -695525 883536 -926214 895212 619365 -249099 -307622 -968265 -359526 -358122 -189517 -46141 -74023 -470470 -528566 807255 -662951
-633232 0 602972 -557823 282070 -257594 -811410 691428 -914523 -765004 222524 794524 -509541 -130801 -454676 -13981 -501847 -243286 584708 -732325
-695179 -602972 0 866167 -720007 -315166 -859069 -964780 -522167 -432445 613696 551265 399892 185458 325314 421775 714758 -296535 -972507 -4093
695525 557823 -866167 0 365722 241044 317662 218261 950525 541644 -366017 -555666 -276108 427604 -665271 936705 484331 63852 -976857 134830
-883536 -282070 720007 -365722 0 -173395 -258886 -539891 -694640 -919428 82601 524901 172581 -648233 902779 -898999 -444612 -961600 938799 -869489
926214 257594 315166 -241044 173395 0 576293 326398 -699707 986065 418729 658081 -619245 33948 -435318 992776 -688184 606377 568881 -830073
-895212 811410 859069 -317662 258886 -576293 0 47072 -998739 -904269 -712917 909300 -541604 -254819 -39524 -151496 -293172 -588093 715665 -849945
-619365 -691428 964780 -218261 539891 -326398 -47072 0 -966388 -685103 744427 567206 -196639 -972816 622559 -431787 -740101 -434938 231902 -327649
249099 914523 522167 -950525 694640 699707 998739 966388 0 114081 -611844 70619 -128584 713279 -959810 419285 -790411 876836 122430 -666030
307622 765004 432445 -541644 919428 -986065 904269 685103 -114081 0 868495 160951 -943465 822121 296589 531056 -525726 534250 584685 -937029
968265 -222524 -613696 366017 -82601 -418729 712917 -744427 611844 -868495 0 -926756 479993 66598 331401 290604 123212 -35328 -808675 240686
359526 -794524 -551265 555666 -524901 -658081 -909300 -567206 -70619 -160951 926756 0 822424 160277 989791 765393 970778 -996799 -269725 687681
358122 509541 -399892 276108 -172581 619245 541604 196639 128584 943465 -479993 -822424 0 937243 -878748 757390 617454 -838479 -487888 866739
189517 130801 -185458 -427604 648233 -33948 254819 972816 -713279 -822121 -66598 -160277 -937243 0 -935305 255507 -992219 -381541 -543537 -547267
46141 454676 -325314 665271 -902779 435318 39524 -622559 959810 -296589 -331401 -989791 878748 935305 0 212231 971664 -334494 -949880 573893
74023 13981 -421775 -936705 898999 -992776 151496 431787 -419285 -531056 -290604 -765393 -757390 -255507 -212231 0 -880893 -231034 395036 -852688
470470 501847 -714758 -484331 444612 688184 293172 740101 790411 525726 -123212 -970778 -617454 992219 -971664 880893 0 527713 894196 219646
528566 243286 296535 -63852 961600 -606377 588093 434938 -876836 -534250 35328 996799 838479 381541 334494 231034 -527713 0 923722 -222377
-807255 -584708 972507 976857 -938799 -568881 -715665 -231902 -122430 -584685 808675 269725 487888 543537 949880 -395036 -894196 -923722 0 -921436
662951 732325 4093 -134830 869489 830073 849945 327649 666030 937029 -240686 -687681 -866739 547267 -573893 852688 -219646 222377 921436 0
20
0 871011 -49605 498172 889087 -505764 246683 575912 604115 740534 604771 737623 983874 92156 381023 -351884 -254866 885646 307465 797806
-871011 0 -572441 -446601 793701 -306357 -466300 713691 157935 -859635 718488 671789 635866 -191084 -600522 -778162 -331679 222189 -142827 769654
49605 572441 0 36763 540947 789447 433691 50409 725862 122493 978595 933668 295209 980482 810196 992234 -41851 111392 296867 564037
-498172 446601 -36763 0 196778 -132151 -67564 466774 674277 314096 590052 126491 848813 910873 -966581 -703966 -53770 778422 489074 898279
-889087 -793701 -540947 -196778 0 -727603 -127846 82548 552752 502288 399919 21901 387348 -687975 -691897 -434430 -824440 133817 96435 228366
505764 306357 -789447 132151 727603 0 -626399 784635 712344 101605 507727 17838 523549 -566114 447641 -611458 -257682 139979 357357 701464
-246683 466300 -433691 67564 127846 626399 0 550680 946827 746433 24248 312972 322267 831395 895675 -800942 991885 223826 343973 664104
-575912 -713691 -50409 -466774 -82548 -784635 -550680 0 -298299 -496655 -715305 767116 -889712 -344295 -249560 -248478 -789632 107932 -361854 926927
-604115 -157935 -725862 -674277 -552752 -712344 -946827 298299 0 -662334 189168 475796 906817 -507441 -173701 -102774 -367448 -868497 -296831 249766
-740534 859635 -122493 -314096 -502288 -101605 -746433 496655 662334 0 -218416 851276 472390 -224057 -531038 -867815 -142709 884496 -545732 82503
-604771 -718488 -978595 -590052 -399919 -507727 -24248 715305 -189168 218416 0 211019 955095 -611548 -433116 -249232 -667382 452779 -772167 282183
-737623 -671789 -933668 -126491 -21901 -17838 -312972 -767116 -475796 -851276 -211019 0 -829605 -665791 -675056 -942369 -518997 -571730 -883865 451333
-983874 -635866 -295209 -848813 -387348 -523549 -322267 889712 -906817 -472390 -955095 829605 0 -110940 -111555 -385868 -117530 -433965 -486878 -487872
-92156 191084 -980482 -910873 687975 566114 -831395 344295 507441 224057 611548 665791 110940 0 661244 -637362 -196135 912039 498134 443532
-381023 600522 -810196 966581 691897 -447641 -895675 249560 173701 531038 433116 675056 111555 -661244 0 -197416 -136580 82681 -699003 921750
351884 778162 -992234 703966 434430 611458 800942 248478 102774 867815 249232 942369 385868 637362 197416 0 964071 639763 842550 395813
254866 331679 41851 53770 824440 257682 -991885 789632 367448 142709 667382 518997 117530 196135 136580 -964071 0 695264 461122 324039
-885646 -222189 -111392 -778422 -133817 -139979 -223826 -107932 868497 -884496 -452779 571730 433965 -912039 -82681 -639763 -695264 0 -93997 630258
-307465 142827 -296867 -489074 -96435 -357357 -343973 361854 296831 545732 772167 883865 486878 -498134 699003 -842550 -461122 93997 0 829813
-797806 -769654 -564037 -898279 -228366 -701464 -664104 -926927 -249766 -82503 -282183 -451333 487872 -443532 -921750 -395813 -324039 -630258 -829813 0
20
0 178002 -437193 880858 715073 863331 499908 448984 512577 804324 36264 71884 -545580 -606686 108426 954925 428483 212660 385386 246457
-178002 0 -324954 -642079 301903 -961820 481660 987044 -803326 583833 -180583 341497 -813914 -479525 554666 -381625 942187 -715303 246945 -326446
437193 324954 0 496262 412941 241396 613422 535882 829796 65609 900218 523854 981582 899076 545748 989544 457902 880861 -430941 538610
-880858 642079 -496262 0 692 733993 100143 765940 234682 172982 27034 427785 -222004 -566976 550680 161455 177954 445886 75059 497234
-715073 -301903 -412941 -692 0 -895718 -723088 374057 -6922 -417341 -74031 382344 -430685 -723556 130107 -960037 570745 -265986 836092 -402655
-863331 961820 -241396 -733993 895718 0 781628 809454 512116 226492 757169 159222 -269530 -420287 507828 559655 400748 275492 489529 924064
-499908 -481660 -613422 -100143 723088 -781628 0 873224 -579319 -104085 -72459 39430 -635465 -655912 715839 -969504 571335 -654081 648408 -962163
-448984 -987044 -535882 -765940 -374057 -809454 -873224 0 -407841 -764585 -45099 270288 -63237 -342 247207 -723754 -798343 -415346 289518 -395412
-512577 803326 -829796 -234682 6922 -512116 579319 407841 0 622203 505757 901090 -957743 -301535 709946 -884092 460680 835832 230634 369160
-804324 -583833 -65609 -172982 417341 -226492 104085 764585 -622203 0 -498238 484602 -234431 -458534 79104 -477447 508300 -203441 568014 -81048
-36264 180583 -900218 -27034 74031 -757169 72459 45099 -505757 498238 0 5917 -678967 -90727 361316 -220517 113411 -89872 945493 560470
-71884 -341497 -523854 -427785 -382344 -159222 -39430 -270288 -901090 -484602 -5917 0 -803 -818209 -306397 -475373 -526229 -909736 745849 -948914
545580 813914 -981582 222004 430685 269530 635465 63237 957743 234431 678967 803 0 -655810 237264 104469 345172 385164 920821 908590
606686 479525 -899076 566976 723556 420287 655912 342 301535 458534 90727 818209 655810 0 29159 533246 805679 978796 531507 265702
-108426 -554666 -545748 -550680 -130107 -507828 -715839 -247207 -709946 -79104 -361316 306397 -237264 -29159 0 -336660 -463215 -472038 118193 -412429
-954925 381625 -989544 -161455 960037 -559655 969504 723754 884092 477447 220517 475373 -104469 -533246 336660 0 106354 632211 985964 830943
-428483 -942187 -457902 -177954 -570745 -400748 -571335 798343 -460680 -508300 -113411 526229 -345172 -805679 463215 -106354 0 -640839 802995 -76328
-212660 715303 -880861 -445886 265986 -275492 654081 415346 -835832 203441 89872 909736 -385164 -978796 472038 -632211 640839 0 982410 342038
-385386 -246945 430941 -75059 -836092 -489529 -648408 -289518 -230634 -568014 -945493 -745849 -920821 -531507 -118193 -985964 -802995 -982410 0 -265803
-246457 326446 -538610 -497234 402655 -924064 962163 395412 -369160 81048 -560470 948914 -908590 -265702 412429 -830943 76328 -342038 265803 0
20
0 -849526 21690 -488456 -80125 481980 202343 -220035 443893 -280403 810227 -837812 130152 -646129 631198 -66978 -920014 853655 -205728 -855736
849526 0 865948 -310130 -726091 236296 246279 -14328 -518939 -885851 666443 -259378 499000 405020 965848 -689257 -244901 928070 830344 -359714
-21690 -865948 0 -281372 -889564 157944 407629 77861 239300 284061 214174 -507650 -588081 -332230 -619156 -576176 283711 488171 -937528 -496067
488456 310130 281372 0 299511 -548465 -140493 -9464 -51663 -82320 -239538 872946 326938 327801 848510 538007 -183044 -171072 563088 528627
80125 726091 889564 -299511 0 768856 97102 -999076 -325751 -331973 474210 -141728 889591 311127 269876 -782482 -964478 183543 866919 -156436
-481980 -236296 -157944 548465 -768856 0 587052 693915 250242 927305 97515 -797117 -926513 -404236 -534559 -14329 497637 407089 -394432 -162297
-202343 -246279 -407629 140493 -97102 -587052 0 224930 313431 416696 937053 742895 -352623 -983819 -360667 971059 331483 -8335 -55062 -432313
220035 14328 -77861 9464 999076 -693915 -224930 0 -814198 -554805 -713623 396713 696347 95605 -779298 252348 472807 -126697 961828 686086
-443893 518939 -239300 51663 325751 -250242 -313431 814198 0 114887 -326390 285258 -17732 725505 -691972 387003 678393 -614459 876304 276346
280403 885851 -284061 82320 331973 -927305 -416696 554805 -114887 0 -220422 140127 -158647 436609 -78042 704653 830978 -790562 670850 843177
-810227 -666443 -214174 239538 -474210 -97515 -937053 713623 326390 220422 0 20214 -407029 -954670 -645490 871964 342267 -936959 -175001 939401
837812 259378 507650 -872946 141728 797117 -742895 -396713 -285258 -140127 -20214 0 69748 249416 630946 588916 -35857 -733724 383449 259091
-130152 -499000 588081 -326938 -889591 926513 352623 -696347 17732 158647 407029 -69748 0 -787164 945726 -937192 -136625 534907 -470279 -641232
646129 -405020 332230 -327801 -311127 404236 983819 -95605 -725505 -436609 954670 -249416 787164 0 6477 -160225 -232974 875486 359311 -975481
-631198 -965848 619156 -848510 -269876 534559 360667 779298 691972 78042 645490 -630946 -945726 -6477 0 -543593 -775889 959294 -870724 -434676
66978 689257 576176 -538007 782482 14329 -971059 -252348 -387003 -704653 -871964 -588916 937192 160225 543593 0 -633490 197030 117907 370543
920014 244901 -283711 183044 964478 -497637 -331483 -472807 -678393 -830978 -342267 35857 136625 232974 775889 633490 0 -351950 611661 52820
-853655 -928070 -488171 171072 -183543 -407089 8335 126697 614459 790562 936959 733724 -534907 -875486 -959294 -197030 351950 0 -192317 -270197
205728 -830344 937528 -563088 -866919 394432 55062 -961828 -876304 -670850 175001 -383449 470279 -359311 870724 -117907 -611661 192317 0 -231070
855736 359714 496067 -528627 156436 162297 432313 -686086 -276346 -843177 -939401 -259091 641232 975481 434676 -370543 -52820 270197 231070 0
20
0 -912553 -64236 296041 275073 538772 -297067 -459943 -145798 -564253 986572 604551 -80218 -907203 -992482 -43186 572575 -128363 66528 -424582
912553 0 -846063 54476 -632761 996941 623681 141338 712316 -779668 -423428 833240 422793 706089 -269941 723053 -191962 -681164 212247 53901
64236 846063 0 -431527 -203123 -417252 714377 647906 -73960 743835 -805715 -345393 -169689 -933259 636553 -962011 -417914 673361 -941913 893905
-296041 -54476 431527 0 986950 -480811 -806646 -404092 -516961 17051 874509 922230 -262697 -500903 -544698 -85048 778241 307617 -466074 -834048
-275073 632761 203123 -986950 0 -108083 -870554 -220432 -472830 963018 690137 -945414 -713668 -70762 332907 -314905 784441 407860 -158304 -825160
-538772 -996941 417252 480811 108083 0 -240792 -797674 -211607 -670672 292592 905241 -959828 -405986 -254619 -637454 551082 -780473 850619 -220442
297067 -623681 -714377 806646 870554 240792 0 710029 974245 -465964 544512 918338 645072 219758 -866476 806780 -638168 -799406 871877 -728251
459943 -141338 -647906 404092 220432 797674 -710029 0 40849 -219754 621425 574203 774600 499815 -934085 761843 299168 -512686 151395 -199717
145798 -712316 73960 516961 472830 211607 -974245 -40849 0 -190350 787762 68436 188183 307473 -942822 817966 340618 -757102 448790 -363663
564253 779668 -743835 -17051 -963018 670672 465964 219754 190350 0 -952138 -857003 936188 -45222 268711 -395474 -427077 -908763 828251 86179
-986572 423428 805715 -874509 -690137 -292592 -544512 -621425 -787762 952138 0 -830633 -639180 -627243 502799 -131880 410728 373181 -120600 993848
-604551 -833240 345393 -922230 945414 -905241 -918338 -574203 -68436 857003 830633 0 -47846 -523207 609316 -343184 588170 963359 -336435 -500819
80218 -422793 169689 262697 713668 959828 -645072 -774600 -188183 -936188 639180 47846 0 507206 -720231 213362 835948 477865 760670 -847730
907203 -706089 933259 500903 70762 405986 -219758 -499815 -307473 45222 627243 523207 -507206 0 -667265 489047 560380 153041 876181 -815541
992482 269941 -636553 544698 -332907 254619 866476 934085 942822 -268711 -502799 -609316 720231 667265 0 -49569 -997906 -663224 398295 279809
43186 -723053 962011 85048 314905 637454 -806780 -761843 -817966 395474 131880 343184 -213362 -489047 49569 0 674501 531701 545499 -697170
-572575 191962 417914 -778241 -784441 -551082 638168 -299168 -340618 427077 -410728 -588170 -835948 -560380 997906 -674501 0 894436 -340548 585608
128363 681164 -673361 -307617 -407860 780473 799406 512686 757102 908763 -373181 -963359 -477865 -153041 663224 -531701 -894436 0 -913233 737653
-66528 -212247 941913 466074 158304 -850619 -871877 -151395 -448790 -828251 120600 336435 -760670 -876181 -398295 -545499 340548 913233 0 -601959
424582 -53901 -893905 834048 825160 220442 728251 199717 363663 -86179 -993848 500819 847730 815541 -279809 697170 -585608 -737653 601959 0
20
